Source_ID PerErr ErrStd Fvar FvarErr Good Bad
2925366048 16.97 9.19 0.0851 0.07733 14 1
2925344837 10.63 3.98 0.0341 0.07107 14 1
2925360652 10.39 4.92 0.0854 0.03779 15 0
2925364422 13.47 7.14 0.0824 0.05369 14 1
2925365592 8.83 3.04 0.0751 0.03046 15 0
2925372393 16.96 7.65 nan nan 12 4
2925373860 35.73 11.31 nan nan 3 13
2925375402 15.67 13.81 0.1557 0.05106 15 1
2925385263 15.16 2.83 0.1452 0.05565 14 2
2925387121 5.56 2.87 0.078 0.01633 16 0
2925403880 22.35 5.0 nan nan 10 6
2925409884 21.7 5.22 nan nan 8 8
2925417118 19.91 9.06 0.221 0.05931 14 1
2925417838 10.03 4.48 0.1094 0.03291 15 0
2925424201 9.12 2.48 0.1114 0.03026 14 0
2925424419 6.4 2.01 0.1604 0.01996 14 0
2925428359 21.45 7.32 nan nan 14 2
2925441456 14.69 6.67 nan nan 15 1
2925447720 6.32 1.37 0.1836 0.0184 14 0
2925455117 18.2 7.73 0.1496 0.06475 15 0
2925458055 8.58 4.37 0.1644 0.0278 15 0
2925468106 10.88 5.86 0.0897 0.03688 16 0
2925469559 19.17 9.01 0.0358 0.21921 14 2
2925687796 24.24 13.0 0.2137 0.07843 12 3
2938917644 10.1 3.27 0.1148 0.0257 22 0
2925482770 33.19 10.22 nan nan 4 10
2937880615 11.46 2.79 0.1965 0.02903 17 0
2925693212 30.15 7.6 0.2111 0.13521 8 7
2925491917 21.92 8.78 0.1833 0.09043 8 7
2970441408 22.42 6.78 0.2486 0.08249 12 6
2937895789 6.79 1.18 0.1216 0.02015 14 0
2938921092 7.12 1.45 0.0591 0.02034 22 0
2925695437 16.9 9.55 0.2211 0.05077 14 1
2940260013 17.8 6.02 0.0531 0.10251 19 0
2925500893 21.2 12.05 0.2268 0.06621 12 3
2925696989 9.99 6.57 0.1445 0.02803 15 0
2938922254 10.08 1.73 0.042 0.04229 22 0
2970468384 8.05 3.16 0.0733 0.02455 19 0
2939671234 5.67 1.05 0.0945 0.01482 18 0
2925698263 16.98 5.73 nan nan 11 4
2970471108 16.4 7.22 nan nan 18 1
2937925886 15.33 3.39 nan nan 19 0
2939672018 23.72 7.73 0.2158 0.07176 17 2
2940272128 10.26 3.47 0.1773 0.02694 18 0
2938944476 13.65 3.94 0.0656 0.05627 19 1
2925707000 12.48 3.51 0.0591 0.06498 14 1
2925514922 14.15 8.18 nan nan 15 0
2938946981 18.56 7.75 0.2476 0.06131 10 10
2939672027 15.14 4.33 0.1017 0.04955 19 0
2939676101 19.23 6.06 nan nan 11 6
2937944931 10.02 1.62 nan nan 18 0
2925515125 15.16 5.11 0.2597 0.04609 14 1
2970530720 14.28 4.91 0.1572 0.04274 16 2
2940304200 22.88 12.04 0.0757 0.15286 12 5
2925731614 14.49 8.71 0.1742 0.04355 13 2
2938000350 12.1 4.55 0.1355 0.03462 20 0
2939683532 15.71 7.44 0.1361 0.04925 18 0
2940318743 6.69 3.1 0.1156 0.01817 15 0
2925520897 14.64 8.36 nan nan 16 0
2970565060 14.88 6.74 0.3377 0.03558 15 4
2940321777 nan nan 0 0 0 16
2939690689 7.11 2.05 0.0726 0.02074 18 0
2938049569 13.07 4.51 nan nan 16 0
2938969598 12.93 3.56 0.1128 0.03777 21 0
2925520996 8.92 5.23 0.1122 0.02559 16 0
2925733889 16.9 4.91 0.1798 0.05978 14 1
2970569124 15.54 10.71 0.2198 0.03718 18 2
2940327071 10.7 5.18 0.1894 0.02892 16 0
2939694336 12.03 7.73 0.1968 0.03018 19 0
2938055829 19.05 6.81 0.1251 0.06595 16 1
2925733976 7.4 5.04 0.099 0.02402 15 0
2970570091 22.22 7.86 nan nan 14 5
2939706815 12.58 7.82 0.2048 0.02893 17 0
2925551147 9.88 3.62 0.1321 0.02945 15 0
2940332845 10.8 3.28 0.1704 0.0296 17 0
2938069882 13.01 7.26 0.0892 0.04599 17 0
2925740160 10.26 4.0 0.1448 0.02989 14 1
2940351575 15.32 5.33 0.4322 0.04806 12 5
2939745340 11.04 2.49 0.0278 0.0796 19 0
2938085573 19.68 5.61 nan nan 14 3
2970596891 17.39 7.02 nan nan 18 1
2925750275 13.87 4.06 0.1136 0.05081 16 0
2940351862 16.67 4.27 0.3528 0.05118 11 6
2970599532 12.69 4.11 0.1449 0.04014 16 2
2925553648 11.31 5.83 0.0709 0.04991 14 1
2939752141 23.68 12.05 0.1298 0.08301 18 1
2925753279 8.85 3.77 0.1829 0.02459 15 0
2938104092 8.36 2.77 0.185 0.02035 18 1
2970601610 12.02 2.06 0.0714 0.04462 18 0
2940362298 24.07 9.75 0.1924 0.08159 12 5
2925557211 11.18 4.83 nan nan 13 2
2938135995 27.53 8.71 nan nan 8 9
2925563772 8.07 4.75 0.1887 0.02127 16 0
2940367006 17.39 9.07 0.173 0.0552 14 1
2925756177 13.58 9.79 0.1119 0.04477 15 1
2970606689 9.64 6.81 0.1685 0.02695 20 0
2939771369 23.55 6.26 nan nan 17 2
2940367031 10.27 3.95 0.0649 0.03957 15 1
2925568292 17.21 6.6 nan nan 15 1
2925769537 18.65 6.0 0.0887 0.10582 9 5
2940368660 28.85 7.46 nan nan 9 8
2938178512 12.28 7.07 0.091 0.04609 15 1
2970611652 15.67 5.27 0.1767 0.04869 15 3
2939776918 21.14 12.92 0.3966 0.04756 19 0
2925572258 21.52 6.29 nan nan 11 5
2925783063 32.34 14.11 nan nan 10 5
2970646085 17.56 7.34 0.2432 0.05312 14 5
2940371981 12.49 6.86 0.1646 0.03446 17 0
2939782606 9.76 4.79 0.1249 0.02832 22 0
2970649975 8.97 4.37 nan nan 17 1
2939782941 15.56 4.78 0.0575 0.07905 18 1
2925583971 17.01 6.65 0.0763 0.12077 9 6
2938228331 16.03 8.56 0.191 0.04354 17 1
2940375255 18.02 6.95 0.1577 0.05789 15 2
2970658656 11.56 5.46 0.07 0.05358 17 1
2925593113 6.57 3.94 0.2451 0.01796 15 0
2939791816 15.53 5.89 nan nan 22 0
2940381917 17.78 7.54 nan nan 15 2
2938233883 13.0 4.54 0.1617 0.03489 21 1
2970671786 11.01 4.43 nan nan 18 0
2925787815 11.28 5.6 0.1099 0.03479 16 0
2970676917 16.02 9.33 0.2157 0.04503 18 0
2940391868 14.03 6.06 0.1283 0.04593 15 2
2938985411 11.83 5.27 0.1085 0.03341 21 0
2938238274 15.24 8.37 0.1193 0.04942 18 0
2939796085 7.72 3.9 0.1235 0.02313 21 1
2925595945 12.49 5.53 0.1531 0.03833 13 2
2970678251 16.72 7.21 nan nan 15 5
2925787914 15.71 8.09 0.2407 0.04429 15 1
2938240719 10.43 4.39 0.2601 0.0242 19 0
2970681444 20.55 6.47 nan nan 13 5
2925599574 28.48 13.27 nan nan 9 6
2940401883 16.08 7.99 nan nan 12 5
2970686183 16.41 7.39 0.1215 0.06568 14 6
2938250517 10.25 5.07 0.1078 0.02839 19 0
2925794196 11.65 4.66 0.0827 0.05178 10 4
2925605251 9.22 3.59 0.19 0.02597 14 1
2925794565 14.85 7.73 0.1709 0.04212 16 0
2938254204 25.98 5.9 0.1116 0.14813 11 7
2939010304 27.38 8.16 nan nan 10 12
2940437161 12.29 6.15 nan nan 21 2
2939870372 16.11 9.27 0.2027 0.04139 17 2
2970695909 11.79 4.11 0.1807 0.03016 19 0
2925606181 11.33 4.12 0.1736 0.03785 14 1
2938255400 26.65 10.61 nan nan 16 3
2925810744 20.61 3.7 0.0223 0.40211 11 5
2939898280 10.09 3.42 0.2186 0.025 16 1
2940471989 14.79 3.97 nan nan 16 4
2970698702 15.44 6.95 0.1918 0.03903 18 0
2939903112 9.44 2.39 0.0385 0.0465 19 0
2970699633 10.43 3.46 0.0853 0.03298 18 0
2938258860 21.23 7.18 0.362 0.05049 18 0
2940484506 21.89 6.66 nan nan 18 5
2925608973 13.05 4.54 nan nan 15 0
2939919143 8.92 3.96 0.2511 0.01775 23 0
2939022323 19.6 6.65 nan nan 18 3
2970709482 13.92 10.05 0.2159 0.04203 18 0
2939964248 28.76 0.0 nan nan 1 21
2925835393 22.25 4.35 0.1479 0.09459 13 2
2925609647 15.25 6.61 0.1543 0.05394 15 0
2939065208 9.22 3.01 0.1237 0.02262 22 0
2970711148 13.26 4.51 0.0677 0.06088 16 2
2940544273 7.24 1.62 0.0729 0.01871 23 0
2925835969 19.41 11.19 0.2589 0.05206 13 2
2938268664 21.27 5.88 nan nan 10 8
2925836943 nan nan 0 0 0 12
2970716072 7.59 3.26 0.0262 0.05303 17 2
2925616278 11.56 4.69 0.0902 0.04264 14 1
2939970002 7.33 2.06 0.1801 0.0181 18 0
2939173668 22.57 10.99 0.1658 0.09288 11 6
2940555200 11.67 5.64 0.2447 0.02613 21 1
2925623118 40.29 9.28 nan nan 2 12
2938273176 8.42 3.02 0.0748 0.02649 18 0
2939981369 25.35 11.26 0.379 0.06628 13 9
2940557913 17.2 6.06 0.0919 0.06914 18 1
2939183679 15.26 9.35 0.5093 0.03746 11 0
2925626757 10.49 3.81 nan nan 14 1
2970718395 9.58 4.32 0.124 0.03198 19 1
2939188171 13.25 5.11 0.127 0.05462 10 7
2925849858 18.66 8.73 0.105 0.08749 14 1
2970720432 11.68 5.13 0.1042 0.03907 17 2
2925632393 21.25 9.26 nan nan 11 4
2938284644 15.24 4.29 0.1619 0.05267 14 5
2939192865 18.52 8.32 0.1002 0.08058 13 4
2939985895 5.62 1.97 0.096 0.0131 23 0
2925850953 15.66 6.07 0.2021 0.0525 13 2
2940655235 32.04 0.0 nan nan 1 21
2940658750 15.61 4.56 nan nan 5 16
2970721395 11.63 2.56 nan nan 20 0
2940659598 22.24 10.35 0.191 0.06321 19 2
2938285346 17.51 7.25 0.0559 0.11629 14 4
2939193043 18.82 6.31 0.2326 0.0577 14 3
2939989351 11.88 4.13 0.1538 0.03175 20 0
2925637387 17.59 6.92 0.0389 0.15007 14 1
2925852612 13.81 4.76 0.2641 0.04412 14 1
2940663814 12.33 3.62 0.1923 0.02868 22 1
2939200583 16.87 5.09 nan nan 17 0
2940669226 32.9 2.94 nan nan 5 13
2925855001 11.02 4.03 0.0639 0.0481 14 1
2939205703 18.55 5.39 nan nan 12 5
2938332012 18.22 7.97 0.097 0.07 16 3
2925642351 9.06 4.45 0.2418 0.02377 16 0
2940670625 19.49 4.72 nan nan 9 1
2939223775 12.35 5.09 0.1318 0.03265 20 1
2970742268 7.06 2.32 nan nan 20 0
2925643975 28.25 7.62 0.6175 0.09016 9 7
2940671049 14.1 5.25 0.1337 0.03687 21 1
2939999066 10.37 6.92 0.1246 0.0298 20 0
2938390017 15.85 6.77 0.1232 0.04996 18 2
2970744291 11.81 4.28 0.3602 0.03194 17 1
2939225137 12.33 5.85 0.1162 0.03849 17 3
2925858928 14.31 5.71 0.1734 0.0504 14 1
2940000433 20.83 5.26 0.2955 0.06086 16 6
2940687692 15.57 7.62 0.1158 0.05459 19 2
2938396525 5.06 1.06 0.0902 0.01243 20 1
2940008828 13.03 3.57 0.0462 0.06 23 0
2970744543 14.54 5.96 0.1025 0.04817 18 2
2937419923 14.45 5.1 0.0989 0.05065 17 2
2940011599 11.6 3.19 0.0794 0.03851 20 3
2940698117 20.4 7.05 0.1918 0.05173 23 1
2938397086 20.26 7.01 0.2656 0.05071 21 0
2925652957 11.47 3.12 nan nan 14 1
2939243095 16.86 7.19 0.2177 0.05034 16 3
2937422542 12.01 6.86 0.3356 0.03451 17 2
2970745846 18.76 7.44 0.0298 0.21839 18 2
2939270068 17.02 5.91 0.1288 0.05391 18 2
2940013145 15.54 8.42 0.1632 0.04315 19 0
2925656813 15.31 8.0 0.1596 0.04972 12 4
2938398472 12.78 5.99 0.1883 0.03329 21 0
2940701731 7.72 1.65 0.0938 0.01836 24 0
2940028080 14.49 6.61 nan nan 20 0
2937423380 25.03 14.81 0.1323 0.17086 15 4
2940710225 12.49 4.65 0.1999 0.02744 24 0
2970751833 25.39 8.99 0.2786 0.06909 19 1
2940714984 20.14 4.17 0.2294 0.07965 10 13
2938399424 7.82 1.83 0.1197 0.01902 22 0
2925674035 21.53 7.04 nan nan 12 3
2939312215 22.96 8.05 0.4006 0.06491 12 8
2937432922 14.92 9.63 0.2477 0.04597 17 2
2925677552 9.58 4.38 0.1643 0.03014 13 2
2970752138 10.02 5.51 0.0632 0.03607 20 0
2940720198 14.29 7.5 nan nan 22 0
2939313779 19.81 9.46 nan nan 11 9
2940060892 12.29 4.64 0.1707 0.03703 16 1
2937448560 20.66 10.08 0.0232 0.2939 18 1
2940720623 10.17 4.64 0.0794 0.03075 23 0
2938400782 12.57 2.85 0.0447 0.06208 22 0
2925685619 30.77 2.63 nan nan 4 11
2939317867 22.65 5.48 0.2624 0.0802 11 8
2940072166 12.83 8.41 0.1695 0.03743 14 2
2940732486 9.87 2.55 0.1391 0.02335 23 0
2970758857 19.97 8.26 0.7917 0.04587 17 2
2938404577 14.11 5.02 0.1865 0.03682 18 2
2937556864 22.91 10.31 0.1087 0.11489 10 9
2940081689 11.34 5.61 0.1526 0.03272 16 0
2940780394 10.89 6.22 0.1175 0.02925 19 1
2970771568 11.23 8.22 0.0967 0.0362 18 1
2938430838 13.64 6.03 0.1375 0.04013 20 0
2940082670 12.1 2.23 nan nan 14 0
2940084258 29.15 16.98 nan nan 7 8
2940782815 7.98 4.84 0.0721 0.02679 18 0
2937571329 15.72 7.71 0.0594 0.07503 18 0
2938455213 14.27 4.21 0.0868 0.04909 21 1
2970784222 10.9 4.72 0.0868 0.03628 20 0
2939347000 10.8 3.36 nan nan 22 1
2940086563 9.8 2.89 0.1 0.03165 16 0
2940796437 9.6 4.75 nan nan 19 0
2937590486 14.72 7.85 nan nan 16 2
2970786038 18.13 7.27 nan nan 16 2
2939348426 20.86 7.33 0.1087 0.08037 19 4
2940799082 12.29 5.28 0.0713 0.04869 16 3
2938473381 18.9 8.85 0.2256 0.04836 17 4
2940088809 12.77 4.17 0.0493 0.06835 15 1
2937678396 18.52 6.13 nan nan 16 3
2970788770 13.6 6.66 nan nan 16 4
2939358762 24.9 8.24 0.0918 0.15848 10 14
2938477352 13.17 4.43 0.2214 0.0305 20 1
2940093647 23.02 7.32 nan nan 12 4
2937696114 13.56 5.19 0.1136 0.04291 18 1
2937701960 27.82 13.23 0.2336 0.17584 4 15
2970791376 22.49 14.72 nan nan 19 1
2940093702 17.16 6.18 0.1797 0.05528 13 3
2939366108 11.4 3.97 0.1216 0.03124 19 0
2939379534 15.26 4.7 0.1511 0.04421 18 1
2937707101 12.55 4.56 0.1518 0.03299 19 0
2940876978 15.17 6.6 0.0559 0.08376 17 5
2970798013 20.91 7.48 0.3255 0.05214 19 1
2939382734 7.55 2.55 0.1069 0.01971 19 0
2937711730 15.66 8.4 0.2189 0.05058 17 2
2940105276 15.56 6.15 nan nan 13 2
2937716299 26.17 11.04 nan nan 13 6
2970807282 17.21 5.05 0.072 0.09337 17 3
2937718923 27.25 4.24 0.2048 0.17382 5 13
2940901822 13.37 3.44 nan nan 20 0
2938638637 14.97 7.01 0.1142 0.04823 18 0
2970825994 10.42 3.4 nan nan 17 2
2939394160 22.98 10.74 0.294 0.06321 16 3
2937721679 13.76 9.89 0.2693 0.03984 18 1
2940908514 16.06 5.73 0.2241 0.04164 20 3
2940130869 28.91 9.16 nan nan 13 9
2939395035 5.85 0.68 0.0335 0.0226 17 0
2938641876 10.26 2.72 0.0715 0.03342 19 0
2970850376 15.16 6.55 nan nan 18 2
2940922093 11.92 3.84 0.1511 0.02934 22 0
2937778190 19.66 8.78 nan nan 16 3
2938651166 7.0 3.36 0.0898 0.01927 19 0
2940140085 19.17 7.08 0.246 0.0528 17 6
2937780450 23.96 2.0 nan nan 2 17
2940144229 15.84 7.65 0.2207 0.05965 9 5
2939412215 14.81 10.16 0.2139 0.0374 21 0
2970867880 10.85 3.77 0.076 0.03756 18 1
2940924073 20.98 9.04 nan nan 11 10
2938657376 11.94 5.05 0.0483 0.05983 19 0
2937787867 17.44 5.5 0.1513 0.05964 15 7
2939424913 13.98 4.87 0.0927 0.04457 21 0
2940933352 22.92 9.55 0.0446 0.18922 20 3
2970909027 9.09 7.09 0.2997 0.01884 19 0
2940153538 28.12 12.19 0.1366 0.16194 13 8
2937789094 25.18 4.74 0.244 0.14203 5 14
2970910538 11.59 3.3 0.0559 0.05136 18 1
2940963619 23.56 7.2 nan nan 17 2
2940154734 11.6 5.03 0.1521 0.02773 22 0
2937810288 22.88 8.39 0.2826 0.06056 16 3
2938666749 18.07 10.84 0.0661 0.09437 18 1
2939469577 8.32 0.84 0.0529 0.03933 10 0
2970914103 13.35 5.28 0.1196 0.04027 18 1
2943200932 7.71 1.32 0.1317 0.0205 17 0
2939470816 20.34 3.27 0.2146 0.11062 5 13
2940179500 24.42 16.59 0.2724 0.06362 14 7
2970914647 11.34 5.1 0.1422 0.03254 19 0
2938669680 22.58 5.83 0.0066 1.9133 8 11
2939473162 8.57 4.0 0.0938 0.02507 18 0
2940182984 16.7 6.18 0.0931 0.06299 17 5
2937856748 16.2 6.42 0.0597 0.11568 15 2
2970342740 8.46 4.27 0.1655 0.02114 18 0
2939484586 13.93 4.96 0.1067 0.05828 13 2
2970924806 14.8 6.31 0.1167 0.04442 19 0
2938718310 11.5 2.68 0.089 0.03338 22 0
2940188367 15.83 5.18 0.1234 0.04596 21 1
2970925189 10.02 5.45 0.0372 0.05646 18 1
2939486719 15.4 5.91 0.3317 0.038 17 2
2970931532 16.61 4.01 0.0898 0.07269 16 3
2937879305 13.0 5.54 0.1006 0.04363 16 1
2940219833 12.01 5.7 0.0821 0.03911 19 0
2940221461 29.89 8.87 nan nan 4 15
2938721033 18.01 7.15 0.123 0.0538 21 0
2970932715 6.99 2.49 0.2221 0.01701 18 0
2939489514 19.36 7.36 0.0826 0.09269 19 0
2970356187 14.46 5.65 0.0982 0.05313 17 0
2970935316 29.01 8.21 nan nan 9 9
2940231193 21.56 10.22 0.4145 0.05401 17 2
2970357916 17.87 4.82 0.1852 0.05091 17 2
2970942371 7.77 2.01 0.1409 0.02018 18 0
2970378528 11.45 4.6 0.1663 0.03135 17 1
2939514687 10.94 3.24 0.0882 0.03284 19 1
2938749340 14.67 8.87 0.5526 0.02577 17 5
2970383237 25.71 9.48 0.1977 0.09852 12 6
2970946076 12.79 6.79 0.0918 0.04365 19 0
2940236735 14.42 6.5 0.1458 0.04006 19 0
2938756405 17.63 7.07 0.204 0.04482 20 3
2970386160 10.81 3.47 0.1819 0.02779 18 0
2940246544 9.47 2.28 0.0726 0.03107 19 0
2938846711 35.03 16.38 0.3141 0.19802 3 15
2939525621 24.78 8.5 nan nan 12 8
2970951477 10.83 15.01 0.3226 0.01696 19 0
2970394610 6.45 2.02 0.0963 0.01736 20 0
2938847122 17.57 8.2 nan nan 15 3
2939561305 18.89 9.33 nan nan 14 6
2970958095 13.1 4.51 0.0954 0.04672 17 2
2939588568 6.69 2.8 0.1011 0.0191 16 2
2970400768 18.77 6.44 0.235 0.05884 12 6
2970976602 15.0 7.94 0.0624 0.07285 19 0
2938870271 18.96 8.88 0.1047 0.06926 19 2
2939592056 14.65 4.98 0.1417 0.04329 19 1
2970976845 5.8 2.26 0.2376 0.01338 19 0
2938870373 19.22 10.61 0.3598 0.08419 10 8
2939614421 9.65 3.04 0.0942 0.03276 17 0
2971008992 4.89 1.8 0.0913 0.0129 19 0
2970411872 11.51 4.88 0.2366 0.02779 18 1
2970411893 12.83 4.19 0.0791 0.0594 18 1
2971010612 8.58 2.83 nan nan 19 0
2939622876 5.18 1.26 0.0491 0.0166 16 0
2970414144 11.67 6.22 0.0393 0.07156 20 0
2939627477 11.91 6.33 0.1946 0.03 19 1
2971040058 10.14 4.12 nan nan 19 0
2970437712 13.47 5.23 0.0828 0.05555 16 2
2971049565 15.32 6.83 0.1167 0.05397 17 1
2939630161 17.16 5.47 0.1148 0.06093 18 2
2971063166 12.24 3.62 0.1112 0.03435 19 0
2971069721 8.43 3.61 nan nan 17 0
2971078293 15.81 6.2 0.1212 0.04949 18 1
2971088445 16.31 6.24 0.4482 0.03953 16 3
2971108787 10.47 2.24 0.1072 0.02954 19 0
2971113257 11.08 5.23 0.141 0.02878 19 0
2971114154 7.93 0.92 0.149 0.01963 19 0
2971128594 10.44 4.1 0.0908 0.03305 19 1
2971138367 8.0 4.96 0.0275 0.05536 19 0
2971151184 28.94 9.46 0.1103 0.18197 9 10
2971163280 15.13 5.56 nan nan 19 0
2971173079 10.21 3.69 0.1964 0.02634 19 0
2971173448 10.26 2.37 0.0997 0.0299 19 0
2971194281 12.51 4.0 0.1952 0.03078 19 0
2971207983 23.09 5.98 nan nan 15 4
2971214402 10.64 4.16 0.0902 0.03461 18 0
2939631904 8.34 3.06 0.1323 0.02357 20 1
2971214955 11.3 6.08 0.1636 0.03183 19 0
2939632726 12.73 6.63 0.1293 0.03653 20 0
2971221684 25.59 11.35 0.1241 0.11374 16 3
2939644652 19.18 5.86 nan nan 14 4
2971233167 7.34 2.84 0.1713 0.0181 19 0
2939647824 31.14 16.09 0.2288 0.0979 15 3
2939649235 25.69 7.99 nan nan 13 6
2971239272 19.62 11.31 0.1102 0.07952 17 2
2939649603 24.26 5.97 0.1923 0.13284 6 13
2971239599 20.01 7.1 0.2612 0.05658 15 4
2939650693 22.34 5.99 0.1205 0.1169 10 7
2939652807 27.63 5.61 nan nan 2 14
2971249735 11.66 4.71 0.1954 0.03063 17 2
2971258753 34.49 3.74 nan nan 3 16
2939885132 6.3 2.24 0.1604 0.01367 22 0
2940497535 11.32 5.88 0.1735 0.02956 19 1
2970486170 14.28 6.51 0.0617 0.06362 18 1
2971077718 11.39 2.54 nan nan 19 0
